

 Instruction: 10:01:INSTRUCTION

 Step 1



 Register Content: 

{'r0': '000', 'r1': '000', 'r2': '000', 'r3': '000', 'r4': '000', 'r5': '000', 'r6': '000', 'r7': '000'}

 First 50 slots in memory: 

A8 0A
05 00
07 00
00 00
00 0A
01 02
02 04
C9 40
A8 16
1A 06
A8 1A
19 06
0B 08
A8 1A
00 00
00 00
00 00
00 00
00 00
00 00
00 00
00 00
00 00
00 00
00 00
00 00
00 00
00 00
00 00
00 00
00 00
00 00
00 00
00 00
00 00
00 00
00 00
00 00
00 00
00 00
00 00
00 00
00 00
00 00
00 00
00 00
00 00
00 00
00 00
00 00


 Instruction: 12:02:INSTRUCTION

 Step 2



 Register Content: 

{'r0': '000', 'r1': '500', 'r2': '000', 'r3': '000', 'r4': '000', 'r5': '000', 'r6': '000', 'r7': '000'}

 First 50 slots in memory: 

A8 0A
05 00
07 00
00 00
00 0A
01 02
02 04
C9 40
A8 16
1A 06
A8 1A
19 06
0B 08
A8 1A
00 00
00 00
00 00
00 00
00 00
00 00
00 00
00 00
00 00
00 00
00 00
00 00
00 00
00 00
00 00
00 00
00 00
00 00
00 00
00 00
00 00
00 00
00 00
00 00
00 00
00 00
00 00
00 00
00 00
00 00
00 00
00 00
00 00
00 00
00 00
00 00


 Instruction: 14:C9:INSTRUCTION

 Step 3



 Register Content: 

{'r0': '000', 'r1': '500', 'r2': '700', 'r3': '000', 'r4': '000', 'r5': '000', 'r6': '000', 'r7': '000'}

 First 50 slots in memory: 

A8 0A
05 00
07 00
00 00
00 0A
01 02
02 04
C9 40
A8 16
1A 06
A8 1A
19 06
0B 08
A8 1A
00 00
00 00
00 00
00 00
00 00
00 00
00 00
00 00
00 00
00 00
00 00
00 00
00 00
00 00
00 00
00 00
00 00
00 00
00 00
00 00
00 00
00 00
00 00
00 00
00 00
00 00
00 00
00 00
00 00
00 00
00 00
00 00
00 00
00 00
00 00
00 00


 Instruction: 16:A8:INSTRUCTION

 Step 4



 Register Content: 

{'r0': '000', 'r1': '500', 'r2': '700', 'r3': '000', 'r4': '000', 'r5': '000', 'r6': '000', 'r7': '000'}

 First 50 slots in memory: 

A8 0A
05 00
07 00
00 00
00 0A
01 02
02 04
C9 40
A8 16
1A 06
A8 1A
19 06
0B 08
A8 1A
00 00
00 00
00 00
00 00
00 00
00 00
00 00
00 00
00 00
00 00
00 00
00 00
00 00
00 00
00 00
00 00
00 00
00 00
00 00
00 00
00 00
00 00
00 00
00 00
00 00
00 00
00 00
00 00
00 00
00 00
00 00
00 00
00 00
00 00
00 00
00 00


 Instruction: 22:19:INSTRUCTION

 Step 5



 Register Content: 

{'r0': '000', 'r1': '500', 'r2': '700', 'r3': '000', 'r4': '000', 'r5': '000', 'r6': '000', 'r7': '000'}

 First 50 slots in memory: 

A8 0A
05 00
07 00
00 00
00 0A
01 02
02 04
C9 40
A8 16
1A 06
A8 1A
19 06
0B 08
A8 1A
00 00
00 00
00 00
00 00
00 00
00 00
00 00
00 00
00 00
00 00
00 00
00 00
00 00
00 00
00 00
00 00
00 00
00 00
00 00
00 00
00 00
00 00
00 00
00 00
00 00
00 00
00 00
00 00
00 00
00 00
00 00
00 00
00 00
00 00
00 00
00 00


 Instruction: 24:0B:INSTRUCTION

 Step 6



 Register Content: 

{'r0': '000', 'r1': '00', 'r2': '700', 'r3': '000', 'r4': '000', 'r5': '000', 'r6': '000', 'r7': '000'}

 First 50 slots in memory: 

A8 0A
05 00
07 00
00 00
00 0A
01 02
02 04
C9 40
A8 16
1A 06
A8 1A
19 06
0B 08
A8 1A
00 00
00 00
00 00
00 00
00 00
00 00
00 00
00 00
00 00
00 00
00 00
00 00
00 00
00 00
00 00
00 00
00 00
00 00
00 00
00 00
00 00
00 00
00 00
00 00
00 00
00 00
00 00
00 00
00 00
00 00
00 00
00 00
00 00
00 00
00 00
00 00


 Instruction: 26:A8:INSTRUCTION

 Step 7



 Register Content: 

{'r0': '000', 'r1': '00', 'r2': '700', 'r3': '0a', 'r4': '000', 'r5': '000', 'r6': '000', 'r7': '000'}

 First 50 slots in memory: 

A8 0A
05 00
07 00
00 00
00 0A
01 02
02 04
C9 40
A8 16
1A 06
A8 1A
19 06
0B 08
A8 1A
00 00
00 00
00 00
00 00
00 00
00 00
00 00
00 00
00 00
00 00
00 00
00 00
00 00
00 00
00 00
00 00
00 00
00 00
00 00
00 00
00 00
00 00
00 00
00 00
00 00
00 00
00 00
00 00
00 00
00 00
00 00
00 00
00 00
00 00
00 00
00 00


 Instruction: 26:A8:INSTRUCTION

 Step 8



 Register Content: 

{'r0': '000', 'r1': '00', 'r2': '700', 'r3': '0a', 'r4': '000', 'r5': '000', 'r6': '000', 'r7': '000'}

 First 50 slots in memory: 

A8 0A
05 00
07 00
00 00
00 0A
01 02
02 04
C9 40
A8 16
1A 06
A8 1A
19 06
0B 08
A8 1A
00 00
00 00
00 00
00 00
00 00
00 00
00 00
00 00
00 00
00 00
00 00
00 00
00 00
00 00
00 00
00 00
00 00
00 00
00 00
00 00
00 00
00 00
00 00
00 00
00 00
00 00
00 00
00 00
00 00
00 00
00 00
00 00
00 00
00 00
00 00
00 00
